2 0.28940677966101697 0.1829422954977806 0.2754237288135593 0.03868103994927077
2 0.2961864406779661 0.2923272035510463 0.4059322033898305 0.032974001268230815
2 0.2961864406779661 0.3868103994927077 0.3940677966101695 0.025364616360177554
2 0.30847457627118646 0.7200380469245403 0.33559322033898303 0.033608116677235254
2 0.3008474576271186 0.8100824350031706 0.30338983050847457 0.032339885859226376
2 0.32033898305084746 0.904565630944832 0.3559322033898305 0.03741280913126189
2 0.6961864406779661 0.12079898541534559 0.3906779661016949 0.03614457831325301
2 0.7105932203389831 0.23589093214965123 0.4245762711864407 0.03677869372225745
2 0.722457627118644 0.3173747622067216 0.40932203389830507 0.04502219403931516
2 0.7008474576271186 0.398858592263792 0.3711864406779661 0.032974001268230815
2 0.2911016949152542 0.4143944197844008 0.3923728813559322 0.029803424223208624