2 0.2968627450980392 0.3277511961722488 0.3192156862745098 0.03588516746411483
2 0.652156862745098 0.12589712918660287 0.2580392156862745 0.02452153110047847
2 0.6694117647058824 0.19497607655502391 0.3003921568627451 0.017942583732057416
2 0.30823529411764705 0.8896531100478469 0.3403921568627451 0.030502392344497607
2 0.672156862745098 0.7057416267942583 0.3027450980392157 0.0215311004784689
2 0.3015686274509804 0.6707535885167464 0.3176470588235294 0.04126794258373206
2 0.3023529411764706 0.7353468899521531 0.33019607843137255 0.037679425837320576
2 0.3149019607843137 0.8086124401913876 0.3411764705882353 0.03229665071770335
2 0.6674509803921569 0.5595095693779905 0.2980392156862745 0.026913875598086126
2 0.667843137254902 0.6190191387559809 0.30196078431372547 0.028708133971291867
2 0.30196078431372547 0.3869617224880383 0.3184313725490196 0.03708133971291866
2 0.6850980392156862 0.3208732057416268 0.3270588235294118 0.05801435406698564
2 0.30627450980392157 0.5044856459330144 0.3349019607843137 0.06279904306220095