2 0.251271186440678 0.16772352568167406 0.3042372881355932 0.03614457831325301
2 0.2809322033898305 0.310716550412175 0.4110169491525424 0.1306277742549144
2 0.20423728813559322 0.6528218135700697 0.211864406779661 0.028535193405199746
2 0.18516949152542372 0.7723525681674065 0.18220338983050846 0.030437539632213063
2 0.21991525423728814 0.9185161699429296 0.2652542372881356 0.053899809765377296
2 0.6474576271186441 0.12840837032339886 0.27627118644067794 0.04502219403931516
2 0.6652542372881356 0.20798985415345592 0.3169491525423729 0.03424223208623969
2 0.6855932203389831 0.3592263792010146 0.35423728813559324 0.0424857324032974
2 0.6741525423728814 0.6144578313253012 0.326271186440678 0.04311984781230184
2 0.7025423728813559 0.7723525681674065 0.39661016949152544 0.030437539632213063
2 0.7067796610169491 0.9026632847178186 0.423728813559322 0.0653138871274572
2 0.7105932203389831 0.49270767279644895 0.39576271186440676 0.046924540266328474
2 0.7050847457627119 0.4032974001268231 0.3949152542372881 0.04438807863031072
2 0.20084745762711864 0.6800887761572606 0.211864406779661 0.028535193405199746
2 0.20254237288135593 0.7060875079264426 0.211864406779661 0.028535193405199746
2 0.19152542372881357 0.8024730500951173 0.19152542372881357 0.032339885859226376
2 0.6966101694915254 0.8002536461636017 0.39661016949152544 0.030437539632213063
2 0.6902542372881356 0.6651870640456563 0.37203389830508476 0.062143310082435003