6 0.2959697732997481 0.17666270783847982 0.39378673383711166 0.1656769596199525
6 0.2749790092359362 0.31235154394299286 0.3518052057094878 0.0510688836104513
6 0.26700251889168763 0.38034441805225655 0.3408900083963056 0.054038004750593824
6 0.2762384550797649 0.4890142517814727 0.36439966414777497 0.05522565320665083
6 0.2879932829554996 0.6324228028503563 0.37279596977329976 0.13064133016627077
6 0.2741393786733837 0.746437054631829 0.3501259445843829 0.048693586698337295
6 0.2665827036104114 0.815914489311164 0.3333333333333333 0.0510688836104513
6 0.6931150293870697 0.1374703087885986 0.3198992443324937 0.054038004750593824
6 0.7380352644836272 0.2568289786223278 0.4147774979009236 0.14311163895486936
6 0.7275398824517213 0.38212589073634207 0.3988245172124265 0.04809976247030879
6 0.739294710327456 0.4519002375296912 0.417296389588581 0.05344418052256532
6 0.7405541561712846 0.5418646080760094 0.4164567590260285 0.05166270783847981
6 0.7346767422334173 0.7399049881235155 0.41309823677581864 0.10688836104513064
6 0.7313182199832073 0.8426365795724465 0.3929471032745592 0.04631828978622328