4 0.5503778337531486 0.1353904282115869 0.07976490344248531 0.10831234256926953
4 0.14987405541561713 0.6860831234256927 0.11502938706968933 0.13287153652392947
4 0.6868178001679262 0.7865239294710328 0.2367758186397985 0.2380352644836272
4 0.19311502938706968 0.3642947103274559 0.18639798488664988 0.08753148614609572
4 0.3879093198992443 0.3586272040302267 0.12762384550797648 0.09005037783375315
5 0.11586901763224182 0.24748110831234257 0.060453400503778336 0.04534005037783375
4 0.6700251889168766 0.15459697732997482 0.15952980688497062 0.07745591939546599
4 0.8035264483627204 0.15113350125944586 0.11251049538203191 0.07556675062972293
4 0.7455919395465995 0.2818010075566751 0.20151133501259447 0.12909319899244331
4 0.5818639798488665 0.2994332493702771 0.1309823677581864 0.095088161209068
4 0.2607052896725441 0.6829345088161209 0.11502938706968933 0.13287153652392947
4 0.3799328295549958 0.6835642317380353 0.12174643157010916 0.1442065491183879
4 0.1897565071368598 0.8284005037783375 0.14609571788413098 0.14924433249370278
4 0.33795130142737195 0.8293450881612091 0.1570109151973132 0.15113350125944586