2 0.2724576271186441 0.0637285986049461 0.3788135593220339 0.04882688649334179
2 0.2656779661016949 0.517438173747622 0.35677966101694913 0.03677869372225745
2 0.3220338983050847 0.61572606214331 0.3305084745762712 0.027901077996195307
2 0.2957627118644068 0.8081800887761572 0.3728813559322034 0.029803424223208624
2 0.2648305084745763 0.8601775523145212 0.3093220338983051 0.027266962587190868
2 0.7004237288135593 0.6620164870006341 0.37203389830508476 0.030437539632213063
2 0.7076271186440678 0.7203551046290425 0.4016949152542373 0.045656309448319596
2 0.7194915254237289 0.868421052631579 0.4152542372881356 0.10336081166772353
2 0.2911016949152542 0.2891566265060241 0.36694915254237287 0.03424223208623969
2 0.27161016949152544 0.10906785034876347 0.38389830508474576 0.04438807863031072
5 0.44533898305084746 0.16328471781864298 0.0788135593220339 0.05897273303741281
2 0.31864406779661014 0.6410906785034877 0.3305084745762712 0.027901077996195307
2 0.3101694915254237 0.6683576410906785 0.3305084745762712 0.027901077996195307