2 0.2771186440677966 0.7010145846544071 0.42542372881355933 0.1731135066582118
2 0.2796610169491525 0.9140773620798985 0.42203389830508475 0.04882688649334179
2 0.7194915254237289 0.12111604311984782 0.42542372881355933 0.0735573874445149
2 0.7194915254237289 0.3579581483830057 0.42542372881355933 0.1109701965757768
2 0.7093220338983051 0.5798985415345593 0.38813559322033897 0.12492073557387444
2 0.7084745762711865 0.702282815472416 0.38813559322033897 0.12492073557387444
5 0.44322033898305085 0.07958148383005707 0.07627118644067797 0.05770450221940393
5 0.44449152542372883 0.17501585288522511 0.0788135593220339 0.05833861762840837
2 0.2860169491525424 0.2682308180088776 0.3483050847457627 0.06467977171845275
2 0.2885593220338983 0.33512999365884594 0.35677966101694913 0.06911857958148383
2 0.29067796610169494 0.4109067850348763 0.3610169491525424 0.07863031071655041