2 0.687843137254902 0.33462918660287083 0.3749019607843137 0.12619617224880383
2 0.6984313725490197 0.1438397129186603 0.3992156862745098 0.16208133971291866
2 0.3058823529411765 0.39055023923444976 0.3811764705882353 0.08851674641148326
2 0.312156862745098 0.8528708133971292 0.3764705882352941 0.10526315789473684
2 0.6713725490196079 0.7966507177033493 0.3262745098039216 0.0430622009569378
2 0.30470588235294116 0.4700956937799043 0.3835294117647059 0.0729665071770335
2 0.30392156862745096 0.5406698564593302 0.3835294117647059 0.0729665071770335
2 0.30627450980392157 0.6097488038277512 0.3835294117647059 0.0735645933014354
2 0.6913725490196079 0.4431818181818182 0.3772549019607843 0.09210526315789473
2 0.691764705882353 0.5592105263157895 0.37176470588235294 0.1423444976076555
2 0.6658823529411765 0.8421052631578947 0.3262745098039216 0.0430622009569378
2 0.6654901960784314 0.8878588516746412 0.33019607843137255 0.04724880382775119