4 0.16876574307304787 0.2666876574307305 0.15113350125944586 0.11272040302267003
4 0.1670864819479429 0.3945214105793451 0.1528127623845508 0.1429471032745592
4 0.3534844668345928 0.39231738035264485 0.20486985726280438 0.1397984886649874
4 0.5869017632241813 0.38287153652392947 0.17296389588581024 0.15239294710327456
4 0.7972292191435768 0.2748740554156171 0.14021830394626364 0.13161209068010077
4 0.7795969773299748 0.401448362720403 0.18052057094878254 0.12153652392947104
4 0.18597816960537364 0.589735516372796 0.18219983207388749 0.1429471032745592
4 0.3623005877413938 0.5711586901763224 0.13685978169605373 0.0982367758186398
4 0.600335852225021 0.5743073047858942 0.1998320738874895 0.12594458438287154
4 0.7867338371116709 0.5878463476070529 0.16624685138539042 0.10894206549118388
4 0.17926112510495382 0.7943954659949622 0.13014273719563393 0.11146095717884132
4 0.2976490344248531 0.7931360201511335 0.10327455919395466 0.11775818639798488
4 0.39462636439966414 0.7953400503778337 0.0906801007556675 0.12594458438287154
4 0.702350965575147 0.7670025188916877 0.2409739714525609 0.11209068010075567