3 0.6683459277917716 0.33343828715365237 0.2787573467674223 0.13916876574307305
3 0.33669185558354325 0.783375314861461 0.30394626364399663 0.12594458438287154
3 0.667086481947943 0.7808564231738035 0.3249370277078086 0.12720403022670027
3 0.4529806884970613 0.6227959697732998 0.06465155331654072 0.11209068010075567
5 0.1570109151973132 0.12625944584382873 0.09907640638119228 0.05982367758186398
5 0.11838790931989925 0.2037153652392947 0.0654911838790932 0.04974811083123426
3 0.5277078085642317 0.6234256926952141 0.06465155331654072 0.11209068010075567
3 0.5999160369437447 0.6221662468513854 0.06465155331654072 0.11209068010075567
3 0.6729638958858103 0.6209068010075567 0.06465155331654072 0.11209068010075567
3 0.7401343408900084 0.6234256926952141 0.06465155331654072 0.11209068010075567
3 0.8089840470193115 0.6209068010075567 0.06465155331654072 0.11209068010075567