4 0.309727626459144 0.19500594530321047 0.34552529182879377 0.15101070154577884
4 0.24319066147859922 0.4277645659928656 0.16108949416342414 0.12425683709869204
4 0.6062256809338521 0.20184304399524375 0.23657587548638132 0.15992865636147444
4 0.8015564202334631 0.19827586206896552 0.17276264591439688 0.1516052318668252
5 0.1859922178988327 0.10582639714625446 0.0622568093385214 0.05112960760998811
5 0.1793774319066148 0.32491082045184305 0.053696498054474705 0.0469678953626635
5 0.17898832684824903 0.7202734839476813 0.054474708171206226 0.0469678953626635
4 0.3817120622568093 0.42538644470868014 0.111284046692607 0.11831153388822829
4 0.5023346303501945 0.4241973840665874 0.12062256809338522 0.1206896551724138
4 0.6182879377431907 0.42479191438763375 0.12062256809338522 0.1206896551724138
4 0.7229571984435798 0.42746730083234247 0.09494163424124513 0.1248513674197384
4 0.8194552529182879 0.42122473246135556 0.10116731517509728 0.13020214030915578