2 0.2654901960784314 0.4001196172248804 0.2564705882352941 0.0215311004784689
2 0.30666666666666664 0.43600478468899523 0.3388235294117647 0.025119617224880382
2 0.28549019607843135 0.5598086124401914 0.2996078431372549 0.0215311004784689
2 0.3070588235294118 0.6031698564593302 0.3349019607843137 0.042464114832535885
2 0.3027450980392157 0.7200956937799043 0.3341176470588235 0.02033492822966507
2 0.30823529411764705 0.7655502392344498 0.3403921568627451 0.039473684210526314
2 0.30980392156862746 0.8657296650717703 0.3341176470588235 0.026913875598086126
2 0.6886274509803921 0.10107655502392345 0.33568627450980393 0.045454545454545456
6 0.6949019607843138 0.4342105263157895 0.3341176470588235 0.10047846889952153
2 0.26235294117647057 0.24282296650717702 0.2627450980392157 0.03349282296650718
2 0.6584313725490196 0.6342703349282297 0.30666666666666664 0.0735645933014354
2 0.3043137254901961 0.15460526315789475 0.3388235294117647 0.11303827751196172
5 0.5435294117647059 0.3214712918660287 0.06745098039215686 0.049641148325358854
2 0.6894117647058824 0.15311004784688995 0.3388235294117647 0.061004784688995214
2 0.6866666666666666 0.2090311004784689 0.3411764705882353 0.053229665071770335
2 0.2690196078431373 0.27123205741626794 0.27137254901960783 0.026913875598086126