2 0.6397984886649875 0.07115869017632241 0.23509655751469352 0.06297229219143577
2 0.6150293870696893 0.3642947103274559 0.18723761544920234 0.034634760705289674
2 0.6385390428211587 0.4615869017632242 0.24265323257766583 0.036523929471032744
6 0.31276238455079763 0.5330604534005038 0.3853904282115869 0.16939546599496222
6 0.5235096557514693 0.8334382871536524 0.780016792611251 0.06863979848866499
2 0.30940386230058775 0.22921914357682618 0.40890008396305627 0.022670025188916875
5 0.15994962216624686 0.7597607052896725 0.06801007556675064 0.05604534005037783
2 0.6364399664147775 0.1309823677581864 0.23173803526448364 0.05793450881612091
2 0.6372795969773299 0.18828715365239296 0.23173803526448364 0.05793450881612091
2 0.6956339210747271 0.3957808564231738 0.3501259445843829 0.030856423173803528
2 0.6393786733837111 0.49307304785894207 0.24265323257766583 0.036523929471032744
2 0.6385390428211587 0.5239294710327456 0.24265323257766583 0.036523929471032744
5 0.15869017632241814 0.8942065491183879 0.05709487825356843 0.04534005037783375