2 0.3211864406779661 0.28154724159797084 0.3440677966101695 0.02663284717818643
2 0.30635593220338986 0.47178186429930247 0.31101694915254235 0.02663284717818643
2 0.2957627118644068 0.6147748890298034 0.4 0.05897273303741281
2 0.7067796610169491 0.2577679137603044 0.39152542372881355 0.03614457831325301
2 0.6072033898305085 0.8084971464806595 0.21779661016949153 0.02663284717818643
2 0.26313559322033897 0.9093214965123653 0.25169491525423726 0.062143310082435003
2 0.7122881355932204 0.87571337983513 0.41271186440677965 0.029169308814204185
2 0.6241525423728813 0.6791376030437539 0.20254237288135593 0.024096385542168676
2 0.2966101694915254 0.6791376030437539 0.4101694915254237 0.0735573874445149
2 0.3177966101694915 0.3088142041851617 0.3440677966101695 0.02663284717818643
2 0.30550847457627117 0.49714648065948003 0.31101694915254235 0.02663284717818643
2 0.7169491525423729 0.9121750158528852 0.43050847457627117 0.046290424857324035