2 0.31254901960784315 0.13008373205741627 0.367843137254902 0.0867224880382775
2 0.3003921568627451 0.389055023923445 0.37333333333333335 0.0950956937799043
2 0.29490196078431374 0.4934210526315789 0.37019607843137253 0.022727272727272728
2 0.2945098039215686 0.6761363636363636 0.3803921568627451 0.21232057416267944
2 0.2964705882352941 0.8579545454545454 0.34980392156862744 0.10466507177033493
2 0.6949019607843138 0.298444976076555 0.37019607843137253 0.03827751196172249
2 0.6905882352941176 0.4366028708133971 0.37411764705882355 0.21291866028708134
2 0.7725490196078432 0.12380382775119617 0.18666666666666668 0.12799043062200957
2 0.6752941176470588 0.6360645933014354 0.33725490196078434 0.02452153110047847
2 0.6929411764705883 0.7473086124401914 0.3772549019607843 0.16925837320574164
2 0.2874509803921569 0.29754784688995217 0.32235294117647056 0.025717703349282296