6 0.2691015952980689 0.11906175771971496 0.34005037783375314 0.04928741092636579
6 0.25272879932829556 0.20219714964370547 0.2938706968933669 0.04453681710213777
6 0.3052057094878254 0.33699524940617576 0.41225860621326615 0.17161520190023752
6 0.2989084802686818 0.4685273159144893 0.3979848866498741 0.055819477434679333
6 0.3001679261125105 0.5433491686460807 0.40554156171284633 0.05819477434679335
6 0.3089840470193115 0.6499406175771971 0.40973971452560876 0.07304038004750593
6 0.3089840470193115 0.7874109263657957 0.4282115869017632 0.166270783847981
6 0.7371956339210747 0.13064133016627077 0.42317380352644834 0.0688836104513064
6 0.7002518891687658 0.21526128266033254 0.3425692695214106 0.07066508313539192
6 0.743073047858942 0.3188836104513064 0.4063811922753988 0.05463182897862233
6 0.7329974811083123 0.44061757719714967 0.32913518052057095 0.06294536817102138
6 0.7409739714525608 0.5584916864608076 0.4156171284634761 0.12767220902612827
6 0.7468513853904282 0.6730997624703088 0.35684298908480266 0.045724465558194774
6 0.7355163727959698 0.747624703087886 0.3308144416456759 0.0688836104513064
6 0.7267002518891688 0.8459026128266033 0.3165407220822838 0.06591448931116389