2 0.3070588235294118 0.52811004784689 0.33019607843137255 0.041866028708133975
2 0.6772549019607843 0.11064593301435406 0.3207843137254902 0.023923444976076555
2 0.687843137254902 0.2111244019138756 0.35137254901960785 0.02033492822966507
2 0.687843137254902 0.25299043062200954 0.3388235294117647 0.039473684210526314
2 0.6874509803921569 0.3519736842105263 0.3474509803921569 0.035287081339712915
2 0.6925490196078431 0.40311004784689 0.3341176470588235 0.03588516746411483
2 0.6925490196078431 0.5134569377990431 0.32941176470588235 0.05442583732057416
2 0.6901960784313725 0.5568181818181818 0.32941176470588235 0.03588516746411483
2 0.68 0.6070574162679426 0.3137254901960784 0.039473684210526314
2 0.6835294117647058 0.7766148325358851 0.33019607843137255 0.04485645933014354
2 0.2972549019607843 0.8953349282296651 0.32784313725490194 0.019138755980861243
2 0.3137254901960784 0.6794258373205742 0.3419607843137255 0.10645933014354067