2 0.2936440677966102 0.21337983512999367 0.39915254237288134 0.028535193405199746
2 0.27923728813559323 0.7327203551046291 0.34491525423728814 0.10589727330374128
2 0.7033898305084746 0.593849080532657 0.37796610169491524 0.04121750158528852
2 0.2978813559322034 0.586556753329106 0.4025423728813559 0.03677869372225745
2 0.29533898305084744 0.24064679771718453 0.39915254237288134 0.028535193405199746
2 0.7008474576271186 0.6363348129359544 0.37796610169491524 0.04121750158528852
2 0.7016949152542373 0.6838934686112873 0.37796610169491524 0.04121750158528852
2 0.7072033898305085 0.8883956880152187 0.2923728813559322 0.07736207989854153
5 0.4449152542372881 0.2907419150285352 0.07966101694915254 0.05770450221940393
5 0.4423728813559322 0.6391883322764743 0.09152542372881356 0.05960684844641725
5 0.8563559322033898 0.5269499048826887 0.08050847457627118 0.05960684844641725
5 0.8588983050847457 0.7479391249207356 0.07711864406779662 0.05897273303741281