2 0.7152542372881356 0.06246036778693722 0.39661016949152544 0.04755865567533291
2 0.7207627118644068 0.1258719086873811 0.40084745762711865 0.033608116677235254
2 0.7080508474576271 0.3281547241597971 0.3940677966101695 0.04755865567533291
2 0.7186440677966102 0.4213696892834496 0.4067796610169492 0.05009511731135067
2 0.31228813559322033 0.4584654407102093 0.36186440677966103 0.029169308814204185
2 0.29915254237288136 0.12967660114140775 0.3983050847457627 0.055168040583386174
2 0.298728813559322 0.6071655041217502 0.3940677966101695 0.03868103994927077
2 0.7169491525423729 0.8608116677235257 0.2677966101694915 0.028535193405199746
2 0.2957627118644068 0.18008877615726063 0.3949152542372881 0.045656309448319596
5 0.8542372881355932 0.5383639822447686 0.0847457627118644 0.060875079264426125
5 0.8572033898305085 0.6379201014584654 0.08220338983050847 0.05707038681039949