2 0.7088983050847457 0.0818008877615726 0.3788135593220339 0.08243500317057705
2 0.2961864406779661 0.6328471781864299 0.3228813559322034 0.05326569435637286
2 0.2944915254237288 0.7238427393785669 0.3313559322033898 0.055168040583386174
2 0.6512711864406779 0.34717818642993026 0.2788135593220339 0.06277742549143944
2 0.7072033898305085 0.8383005707038681 0.373728813559322 0.04311984781230184
2 0.2902542372881356 0.2469879518072289 0.3550847457627119 0.055168040583386174
5 0.44533898305084746 0.4109067850348763 0.0788135593220339 0.05707038681039949
2 0.2847457627118644 0.30120481927710846 0.35423728813559324 0.05707038681039949
2 0.6478813559322034 0.41566265060240964 0.2788135593220339 0.06277742549143944
2 0.6923728813559322 0.4850982878883957 0.3644067796610169 0.0735573874445149
2 0.7067796610169491 0.8820545339251744 0.3813559322033898 0.05199746353836398