2 0.6909803921568628 0.2332535885167464 0.37176470588235294 0.04066985645933014
2 0.6929411764705883 0.3836722488038278 0.35215686274509805 0.020933014354066987
2 0.7003921568627451 0.43480861244019137 0.3592156862745098 0.02033492822966507
2 0.6945098039215686 0.49730861244019137 0.36 0.03648325358851675
2 0.6925490196078431 0.5505382775119617 0.37019607843137253 0.03648325358851675
2 0.6756862745098039 0.6052631578947368 0.3458823529411765 0.03588516746411483
2 0.33176470588235296 0.631578947368421 0.30745098039215685 0.023923444976076555
2 0.3015686274509804 0.597188995215311 0.2643137254901961 0.030502392344497607
2 0.29058823529411765 0.7030502392344498 0.34901960784313724 0.020933014354066987
2 0.30901960784313726 0.8011363636363636 0.356078431372549 0.037679425837320576
5 0.16470588235294117 0.1653708133971292 0.05803921568627451 0.04126794258373206
5 0.1588235294117647 0.39503588516746413 0.06509803921568627 0.046052631578947366